x^2-2x-15=0
(-3,5)
(3,5)
(-3,-5)
(3,-5)
x^2-20x+100=0
(10)
(-10,-10)
(10,5)
(9,9)
2x^2+2x-24=0
(3,-4)
(6,4)
(2,6)
(-3,4)
x^2-7x-8=0
(8,-1)
(8,1)
(1,8)
(5,4)
x^2-1=0
(1,-1)
(1,1)
(2,5)
(-1,-1)
3x^2-3x-18=0
(-2,3)
(3,2)
(5,4)
(-2,-3)
x^2-x-30=0
(-5,6)
(5)
(-6,5)
(4,6)
x^2+6x-40=0
(-10,4)
(-4,10)
(9,1)
(0,4)
5x^2+30x+40=0
(-2,-4)
(2,4)
(4,6)
(6,-2)
x^2+6x-27=0
(3,-9)
(3,9)
(9,2)
(4,3)
x^2-6x-7=0
(-1,7)
(1,7)
(3,6)
(9,7)
x^2+12x+36=0
(-6)
(6,2)
(4,7)
(6)
x^2-4=0
(2,-2)
(2,2)
(2,4)
(3,5)
x^2+2x-120=0
(-12,10)
(10)
(12,-10)
(5,7)
x^2+2x-24=0
(4,-6)
(4,5)
(6,8)
(4,6)
3x^2+6x-9=0
(-3,1)
(1,-3)
(4,7)
(2,3)
x^2-4x-60=0
(10,-6)
(9,6)
(-6,-18)
(2,9)
x^2+9x+20=0
(-4,-5)
(4,5)
(5,-4)
(8,9)
x^2+14x=0
(0,-14)
(14,50)
(10,5)
(0,14)
x^2+13x=0
(0,-13)
(17,0)
(14,18)
(1,9)
x^2-10x+25=0
(5)
(3,5)
(5,2)
(8)
x^2+10x-11=0
(1,-11)
(10,1)
(12,2)
(10,4)
x^2+8x=0
(0,-8)
(8,0)
(2,6)
(1,2)
x^2+2x-15=0
(3,-5)
(3,5)
(-3,2)
(3,6)
x^2+20x+100=0
(-10)
(10,10)
(10,5)
(2,7)
2x^2-2x-24=0
(-3,4)
(6,4)
(2,6)
(-3,4)
x^2+7x-8=0
(-8,1)
(8,1)
(1,8)
(5,4)
x^2-1=0
(1,-1)
(1,1)
(2,5)
(-1,-1)
3x^2+3x-18=0
(2,-3)
(3,-2)
(5,4)
(-2,-3)
x^2+x-30=0
(5,-6)
(5)
(-6,5)
(4,6)
x^2-6x-40=0
(10,-4)
(-4,10)
(9,1)
(0,4)
5x^2-30x+40=0
(2,4)
(2,-4)
(4,6)
(6,-2)
x^2-6x-27=0
(-3,9)
(3,9)
(9,2)
(4,3)
x^2+6x-7=0
(1,-7)
(1,7)
(3,6)
(9,7)
x^2-12x+36=0
(6)
(6,2)
(4,7)
(-6)
x^2-4=0
(2,-2)
(2,2)
(2,4)
(3,5)
x^2-2x-120=0
(12,-10)
(10)
(12,-10)
(5,7)
x^2-2x-24=0
(-4,6)
(4,5)
(6,8)
(4,6)
3x^2-6x-9=0
(3,-1)
(1,-3)
(4,7)
(2,3)
x^2+4x-60=0
(-10,6)
(9,6)
(-6,-18)
(2,9)
x^2-9x+20=0
(4,5)
(4,5)
(5,-4)
(8,9)
x^2-14x=0
(0,14)
(14,50)
(10,5)
(0,-14)
x^2-13x=0
(0,13)
(17,0)
(14,18)
(1,9)
x^2+10x+25=0
(-5)
(3,5)
(5,2)
(8)
x^2-10x-11=0
(-1,11)
(10,1)
(12,2)
(10,4)
x^2-8x=0
(0,8)
(8,0)
(2,6)
(1,2)
x^2+x-2=0
(1,-2)
(1)
(2,3)
(2,-1)
x^2+14x+49=0
(-7)
(7,1)
(9,8)
(1,8)
x^2+x=0
(0,-1)
(0)
(2,1)
(1,0)
x^2+8x+16=0
(-4)
(8,9)
(4,1)
(4)
